sel_Stars,B_flux,V_flux,R_flux,B_mag,V_mag,R_mag
0,327805.937,127132.311,49792.308,11.691,13.024,12.837
1,2588306.37,789731.317,266151.613,9.447,11.041,11.017
2,469812.472,247791.26,92889.352,11.3,12.3,12.16
3,448625.147,213608.329,83862.689,11.35,12.461,12.271
4,922605.454,441325.807,158146.215,10.567,11.673,11.582
5,302521.903,145558.253,62561.667,11.778,12.877,12.589
6,1160982.524,1063141.057,352878.664,10.318,10.718,10.711
7,1008455.496,1609743.5,803606.017,10.471,10.268,9.817
8,1482402.393,930766.554,318027.006,10.053,10.863,10.824
9,995637.253,441141.437,167213.68,10.485,11.673,11.522
10,326936.72,131906.578,53838.426,11.694,12.984,12.752
11,320373.95,117330.064,45731.15,11.716,13.111,12.929
12,873023.193,427999.931,161806.587,10.627,11.706,11.557
13,507590.603,263554.933,121209.917,11.216,12.233,11.871
